22.79	19652.244	-0.0000531430996127324	3.1260646831019056e-6	0.00005264292926343609
23	19833.533	-0.000055	-0.00005	0.00007416
23.21	20014.823	-0.000393542015946024	-0.00014992076797943772	0.00042052775418232273
23.79	20514.571	0.	0.	3.121010330550884e-7
24	20695.861	0.000175	-0.000029	0.00017787
24.21	20877.15	0.	0.	3.119606558605814e-7
24.79	21376.899	-0.00036790613698378476	0.00010288900441071948	0.00038215470517036015
25	21558.188	-0.000142	-0.000035	0.0001461
25.21	21739.478	-0.00011531606731963532	-0.00005609970842576854	0.00012756450365926147
25.79	22239.226	0.	0.	3.4265595706712495e-7
26	22420.516	0.000229	-0.000098	0.00024907
26.21	22601.805	0.	0.	3.736707378484733e-7
26.79	23101.554	0.0001774054693709459	-0.0001151579362583333	0.00021176610764910806
27	23282.843	-0.000091	0.000086	0.00012519
27.21	23464.133	-0.0000933378156692358	-0.00003422386574538646	0.00010043148966009772
27.79	23963.881	0.	0.	3.7316574155424755e-7
28	24145.171	0.00015	-0.000058	0.00016042
28.21	24326.46	0.	0.	3.7303041634351964e-7
28.79	24826.209	-0.00008699634410222216	0.00004349817205111108	0.00009724948465712692
29	25007.498	-0.000038	0.000069	0.0000786
29.21	25188.788	0.0002267275336825743	0.00011181083852839281	0.00025197814805023633
29.79	25688.536	0.	0.	4.345928405547165e-7
30	25869.826	0.000322	0.000092	0.00033447
30.21	26051.115	0.	0.	4.344254649108978e-7
30.79	26550.864	-0.00008373659693634045	0.00007753388605216708	0.0001133235278538474
31	26732.153	-0.000238	-0.000116	0.0002648
31.21	26913.443	-0.0010044359651384335	-0.0003937140974462378	0.0010793656480933592
31.79	27413.192	0.	0.	4.3376966573129797e-7
32	27594.481	0.000514	0.000075	0.00051942
32.21	27775.77	0.	0.	4.335875507929152e-7
32.79	28275.519	-0.0007490421045279489	0.0003559497604161741	0.0008283724728711361
33	28456.808	-0.000036	7.e-6	0.00003702
33.21	28638.098	-0.00028772820617774047	-0.00009281555037991628	0.00030279526385608023
33.79	29137.847	0.	0.	4.637883106937832e-7
34	29319.136	0.00023	0.000185	0.00029457
34.21	29500.425	0.	0.	5.25383252430552e-7
34.79	30000.174	0.00043547303786842093	-0.0001235384504591265	0.0004522433825182473
35	30181.464	-0.00001	-0.000049	0.00004968
35.21	30362.753	-0.00023152159818068656	-0.00008334777534504716	0.0002455672418036482
35.79	30862.502	0.	0.	5.244193839551651e-7
36	31043.791	0.000209	0.000013	0.00020987
36.21	31225.081	0.	0.	5.241497331485093e-7
36.79	31724.829	-0.00016637321964796067	0.0001047535086672345	0.0001961663499071418
37	31906.119	0.000041	0.000137	0.00014349
37.21	32087.408	0.0005080869298423332	0.0001570450510421757	0.0005303811684608694
37.79	32587.157	0.	0.	5.84619767554667e-7
38	32768.446	0.000337	-0.000031	0.00033849
38.21	32949.736	0.	0.	5.535333765101227e-7
38.79	33449.484	-0.0001997248237354128	9.218068787788285e-6	0.0001991410127121862
39	33630.774	-0.00027	-0.000083	0.00028273
39.21	33812.063	-0.0020697422602033726	-0.0009212502641854774	0.0022669205250812046
39.79	34311.812	0.	0.	4.6023059746823974e-7
40	34493.101	0.0004	0.000157	0.0004299
40.21	34674.391	0.	0.	5.519248209236056e-7
40.79	35174.139	-0.0013693745090968626	0.0005759337980094186	0.0014867057030530364
41	35355.429	-0.000171	0.000101	0.00019804
41.21	35536.718	-0.0005204410369838295	-0.000257159100627304	0.0005814244808468759
41.79	36036.467	0.	0.	5.505297418153295e-7
42	36217.756	0.000276	-0.000211	0.00034743
42.21	36399.046	0.	0.	5.807025162058554e-7
42.79	36898.794	0.0007694201511199806	-0.0002595266382745967	0.000813112223987151
43	37080.084	0.000015	-0.000132	0.00013263
43.21	37261.373	-0.00048205330325462066	-0.0002074659786159127	0.000524400770654457
43.79	37761.122	0.	0.	6.400240700235728e-7
44	37942.411	0.000129	5.e-6	0.00012864
44.21	38123.701	0.	0.	5.786125646210892e-7
44.79	38623.449	-0.00031027618921291515	0.00009125770270968093	0.00032223094826788333
45	38804.739	-0.000359	0.000058	0.00036378
45.21	38986.028	0.0009148575380075058	0.0003495302886075189	0.0009804172625750205
45.79	39485.777	0.	0.	7.589528075030659e-7
46	39667.066	0.000449	0.000053	0.00045193
46.21	39848.356	0.	0.	6.066302141821605e-7
46.79	40348.104	-0.00016964553009759695	0.0003786730582535646	0.0004135109796128926
47	40529.394	-0.000385	0.000144	0.00041132
47.21	40710.683	-0.003867979768640351	-0.0016101449428142932	0.004190946999557105
47.79	41210.432	0.	0.	7.254312028077307e-7
48	41391.721	0.000637	0.000038	0.00063804
48.21	41573.011	0.	0.	6.643323007685527e-7
48.79	42072.76	-0.0020535791094261303	0.001170027451479205	0.002362038150693676
49	42254.049	-0.000496	-0.000237	0.00054935
49.21	42435.338	-0.0008826477729896215	-0.00037956866688290886	0.0009620559480613156
49.79	42935.087	0.	0.	6.91859545543458e-7
50	43116.376	0.000469	-0.000049	0.00047199
50.21	43297.666	0.	0.	6.61066365364164e-7
50.79	43797.415	0.0012181084192986176	-0.0004290381870928628	0.001291014908433978
51	43978.704	-0.000052	0.	0.00005233
51.21	44159.993	-0.0009500078910012372	-0.0003865962711014498	0.0010266978024546178
51.79	44659.742	0.	0.	6.88175370690817e-7
52	44841.032	0.000373	-0.000018	0.00037322
52.21	45022.321	0.	0.	7.471263288698834e-7
52.79	45522.07	-0.0003938180399093202	0.0002476280099429816	0.0004657793362927504
53	45703.359	-0.000266	-0.00002	0.00026642
53.21	45884.649	0.0015554229857994031	0.000622765141823899	0.0016759533685112536
53.79	46384.397	0.	0.	6.841262175982655e-7
54	46565.687	0.000498	0.000034	0.0004989
54.21	46746.976	0.	0.	8.020490694791331e-7
54.79	47246.725	-0.0002965027251528692	0.0004744043602445907	0.0005580774292827304
55	47428.014	-0.000321	-0.000057	0.00032558
55.21	47609.304	-0.006564390507625718	-0.0026796452004516354	0.007091318308589666
55.79	48109.052	0.	0.	7.092362442207551e-7
56	48290.342	0.00031	-0.000101	0.0003263
56.21	48471.631	0.	0.	7.6722555448661e-7
56.79	48971.38	-0.0029536517713048666	0.0016078702563633673	0.0033630991713868496
57	49152.669	-0.000537	-0.000011	0.00053692
57.21	49333.959	-0.0013084499163031375	-0.0005351413140835304	0.001414302044363616
57.79	49833.707	0.	0.	8.508629360969972e-7
58	50014.997	0.000486	-0.000142	0.00050649
58.21	50196.286	0.	0.	8.202112818204477e-7
58.79	50696.035	0.001730246137964977	-0.00065468772787864	0.0018497558754335377
59	50877.324	-0.000012	-0.000081	0.00008183
59.21	51058.614	-0.0017302661385970948	-0.0007207010729063784	0.00187399785864312
59.79	51558.362	0.	0.	8.150545461622997e-7
60	51739.652	0.000393	-0.000341	0.00052071
60.21	51920.941	0.	0.	7.555070157651387e-7
60.79	52420.69	-0.0006463836205242184	-0.00006666736893299114	0.0006502097477847205
61	52601.979	-0.00029	0.000205	0.00035527
61.21	52783.269	0.0025113349826221057	0.000998168858300261	0.0027009002684071294
61.79	53283.017	0.	0.	8.368563723942151e-7
62	53464.307	0.000625	-0.000082	0.00063068
62.21	53645.596	0.	0.	8.064393357829059e-7
62.79	54145.345	-0.0007640270695018426	-0.00008904074870134256	0.0007680769874266455
63	54326.634	-0.000095	-0.00026	0.00027699
63.21	54507.924	-0.01037089046806115	-0.004228044068654006	0.011200160399628338
63.79	55007.672	0.	0.	7.431513885557334e-7
64	55188.962	0.000465	-0.000326	0.00056796
64.21	55370.251	0.	0.	8.556642681216e-7
64.79	55870.	-0.0041546008240081955	0.0014360529884491025	0.00439617052968889
65	56051.289	-0.00012	-0.00014	0.00018442
65.21	56232.579	-0.0017194354904417526	-0.0007178501304979596	0.001863856722229682
65.79	56732.328	0.	0.	8.768186474218889e-7
66	56913.617	0.000667	0.000011	0.00066707
66.21	57094.906	0.	0.	8.747782069121735e-7
66.79	57594.655	0.002213506732059306	-0.0010097190810791498	0.0024313135444235657
67	57775.945	0.000047	-0.000218	0.00022323
67.21	57957.234	-0.0029656588356445084	-0.0012317163943689113	0.0032111603948866032
67.79	58456.983	0.	0.	8.947427023906464e-7
68	58638.272	0.000667	0.000121	0.00067828
68.21	58819.561	0.	0.	8.645691178480758e-7
68.79	59319.31	-0.0005585538759390082	0.00023898325040176474	0.000606961878520389
69	59500.6	-0.000512	0.000287	0.00058697
69.21	59681.889	0.0038467653917350817	0.0015270660885057853	0.004137877954233535
69.79	60181.638	0.	0.	8.559030868929853e-7
70	60362.927	0.000039	0.00002	0.00004386
70.21	60544.217	0.	0.	8.810388688245229e-7
70.79	61043.965	-0.0008857813486478135	0.00041958063883317485	0.0009790214906107413
71	61225.255	-0.000066	-0.000485	0.00048906
71.21	61406.544	-0.015459817877624616	-0.006277987592328637	0.016685310586250824
71.79	61906.293	0.	0.	8.44126737942589e-7
72	62087.582	0.000254	0.000338	0.00042287
72.21	62268.872	0.	0.	7.872416345325215e-7
72.79	62768.62	-0.004994867160617536	0.0018892922864024119	0.0053403454725602486
73	62949.91	-0.000349	0.000247	0.00042736
73.21	63131.199	-0.0020475584162531527	-0.0008109408990686828	0.002202149076680266
73.79	63630.948	0.	0.	8.850319194512792e-7
74	63812.237	0.000455	0.000358	0.00057884
74.21	63993.527	0.	0.	9.087786412910775e-7
74.79	64493.275	0.0026787779611572833	-0.001215691686443772	0.0029411492325663625
75	64674.565	-0.000075	-0.000056	0.00009376
75.21	64855.854	-0.004789935179654577	-0.001953614957058895	0.005172202225729832
75.79	65355.603	0.	0.	9.231420911014714e-7
76	65536.892	0.000628	0.000168	0.00064998
76.21	65718.182	0.	0.	9.197276849215155e-7
76.79	66217.93	-0.0005332688353198533	0.00002875469210058032	0.0005330858509155768
77	66399.22	-0.000484	-0.000384	0.00061739
77.21	66580.509	0.005603656743605045	0.0022471913428118748	0.006037992219828708
77.79	67080.258	0.	0.	9.840740280977474e-7
78	67261.547	0.000849	0.00008	0.00085244
78.21	67442.837	0.	0.	8.511176868463811e-7
78.79	67942.585	-0.0013949980142430837	0.0002487404547455498	0.001416974361636582
79	68123.875	-0.000322	0.000105	0.00033889
79.21	68305.164	-0.021793323335824438	-0.008819465588979216	0.02351036144679985
79.79	68804.913	0.	0.	1.040591534416116e-6
80	68986.202	0.001061	-0.000038	0.00106172
80.21	69167.492	0.	0.	8.843382765171973e-7
80.79	69667.24	-0.005485908529691601	0.0024805847264692455	0.006020765780986889
81	69848.53	-0.00043	0.00032	0.00053569
81.21	70029.819	-0.002141584354765486	-0.0008121527599752426	0.002291870099334443
81.79	70529.568	0.	0.	8.936471041835388e-7
82	70710.857	0.000266	0.000097	0.00028335
82.21	70892.147	0.	0.	9.139445437886362e-7
82.79	71391.896	0.0031102857537220296	-0.001015503392776751	0.0032713681397211823
83	71573.185	-0.000315	0.000416	0.00052207
83.21	71754.474	-0.007227887200430432	-0.0029306862011198344	0.007800090870122848
83.79	72254.223	0.	0.	9.204856527716941e-7
84	72435.513	0.00091	-0.000017	0.00091062
84.21	72616.802	0.	0.	8.431992294489688e-7
84.79	73116.551	-0.00020319909754198603	0.00007888906139865341	0.00021792505566973466
85	73297.84	0.000048	0.000272	0.00027632
85.21	73479.129	0.007739114384404164	0.0030923181247266025	0.008333809230527605
85.79	73978.878	0.	0.	9.901899448712026e-7
86	74160.168	0.000297	0.000226	0.0003728
86.21	74341.457	0.	0.	8.904776528488738e-7
86.79	74841.206	-0.0016611778658407847	0.000894480389298884	0.0018864242911460492
87	75022.495	-0.000262	-0.000195	0.0003272
87.21	75203.785	-0.028912073284886985	-0.01172273300388503	0.031197382916605367
87.79	75703.533	0.	0.	9.150818487764035e-7
88	75884.823	0.000632	0.00031	0.00070368
88.21	76066.112	0.	0.	8.180364496899832e-7
88.79	76565.861	-0.005534369984638788	0.002907851167203463	0.006250934732792223
89	76747.15	0.000238	-0.000131	0.00027137
89.21	76928.44	-0.0018592329267771565	-0.0007754252711438381	0.002013960436212313
89.79	77428.188	0.	0.	7.963575838503745e-7
90	77609.478	0.000777	0.000175	0.00079606
90.21	77790.767	0.	0.	9.879474722186511e-7
90.79	78290.516	0.0032731194869813924	-0.0006580990076677915	0.0033381257684978838
91	78471.805	-0.000296	0.000308	0.00042733
91.21	78653.095	-0.010053226144063983	-0.004177712278898427	0.010886721757829768
91.79	79152.843	0.	0.	8.733254178515827e-7
92	79334.133	0.000558	0.000304	0.00063567
92.21	79515.422	0.	0.	9.503666972190115e-7
92.79	80015.171	0.0003087753721019444	0.00010640232417026462	0.00032700980961661324
93	80196.46	-0.000283	0.000211	0.00035286
93.21	80377.75	0.009855076279172146	0.0041285058379498165	0.0106850982165174
93.79	80877.498	0.	0.	9.18246128840848e-7
94	81058.788	0.001287	-0.000415	0.00135215
94.21	81240.077	0.	0.	8.890934963107242e-7
94.79	81739.826	-0.002259527105475948	0.0007033624940326365	0.002367063858458785
95	81921.115	-0.000416	-0.000166	0.00044811
95.21	82102.405	-0.03543209660229268	-0.014337666601294994	0.038222835077375596
95.79	82602.153	0.	0.	8.738928723863241e-7
96	82783.443	0.000902	-0.000446	0.00100599
96.21	82964.732	0.	0.	9.023610307938552e-7
96.79	83464.481	-0.0054238879159868485	0.0018847632799982154	0.005742409133225826
97	83645.77	-0.00049	0.000107	0.00050134
97.21	83827.06	-0.0012664094911270878	-0.00040099858702845933	0.001329039875091812
97.79	84326.808	0.	0.	7.876180439457484e-7
98	84508.098	0.000943	-0.000307	0.00099139
98.21	84689.387	0.	0.	8.490959042182373e-7
98.79	85189.136	0.002547878349297028	-0.0012872185962049614	0.0028552703994856707
99	85370.425	-0.000406	-0.000131	0.00042663
99.21	85551.715	-0.012542042885209593	-0.004947778385908371	0.01348273096966505
99.79	86051.464	0.	0.	7.156963858357742e-7
100	86232.753	0.00076	0.000443	0.00087951
100.21	86414.042	0.	0.	7.365463786754056e-7
100.79	86913.791	0.0006828591675686072	-0.0003308363031418312	0.000758658164904206
101	87095.081	-0.001202	0.000391	0.0012639
101.21	87276.37	0.01109460102451077	0.004200155930630748	0.011862752595660003
101.79	87776.119	0.	0.	7.09605389149558e-7
102	87957.408	0.001135	-0.000432	0.00121426
102.21	88138.698	0.	0.	7.49613242253858e-7
102.79	88638.446	-0.0022040325095489663	0.0009773537825149262	0.0024118555361604126
103	88819.736	-0.000528	0.00015	0.00054865
103.21	89001.025	-0.03348773585545665	-0.014024869264955176	0.03630581892862796