8.8 -0.955973512083
8.81 -0.96486879192
8.82 -0.960450011613
8.83 -0.911728527384
8.84 -0.950019437145
8.85 -0.894001615005
8.86 -0.836399870396
8.87 -0.808015170834
8.88 -0.714409240448
8.89 -0.799542520086
8.9 -0.464247107233
8.91 -0.420427088638
8.92 -0.217976210192
8.93 0.160305958284
8.94 0.439876014616
8.95 0.398071976735
8.96 0.112660202631
8.97 0.122762197291
8.98 0.438237193426
8.99 0.932003336339
8.8 -0.851161900642
8.81 -0.850289833273
8.82 -0.81333073558
8.83 -0.812899170596
8.84 -0.852054129457
8.85 -0.812075798411
8.86 -0.842762199881
8.87 -0.767160080272
8.88 -0.745912460145
8.89 -0.721430259491
8.9 -0.692950741693
8.91 -0.579061876133
8.92 -0.675239417019
8.93 -0.0741704670421
8.94 0.637343958676
8.95 0.918622275629
8.96 0.785181248891
8.97 0.355087996571
8.98 0.84267512027
8.99 0.99817609288
